0 0.7221645712852478 0.1672336459159851 0.013310084119439125 0.019981101155281067
1 0.7444412112236023 0.13333305716514587 0.0143280029296875 0.023051893338561058
2 0.7548139691352844 0.24250593781471252 0.01247236505150795 0.018559571355581284
3 0.7715803980827332 0.09431783854961395 0.015780009329319 0.02486799657344818
4 0.8087140321731567 0.19195270538330078 0.013852497562766075 0.019718129187822342
5 0.7226647138595581 0.08798243850469589 0.01470002718269825 0.026248397305607796
6 0.690077543258667 0.09558702260255814 0.01187981478869915 0.021684838458895683
7 0.6523072719573975 0.040147386491298676 0.010371193289756775 0.01931995339691639
8 0.7229002118110657 0.08755043148994446 0.0147101990878582 0.027541205286979675
9 0.7944770455360413 0.20385907590389252 0.013592008501291275 0.017015568912029266
10 0.7646437883377075 0.16192011535167694 0.0096269641071558 0.015299469232559204
