0 0.6939372420310974 0.585988461971283 0.0096069211140275 0.0153666902333498
1 0.7181694507598877 0.49282127618789673 0.008395059034228325 0.014728162437677383
2 0.7239273190498352 0.6420680284500122 0.009488483890891075 0.016317982226610184
3 0.7054473161697388 0.5419424772262573 0.00945173017680645 0.014881961978971958
4 0.7510111331939697 0.5543614625930786 0.00939239002764225 0.017467034980654716
5 0.6882693767547607 0.5133150219917297 0.0091245137155056 0.018156303092837334
6 0.6689496636390686 0.540753960609436 0.009303199127316475 0.014966853894293308
7 0.6412172913551331 0.5097783803939819 0.007511865347623825 0.014203106984496117
9 0.7463552355766296 0.5737547874450684 0.0095151262357831 0.017185069620609283
10 0.6505368947982788 0.46336349844932556 0.00824640691280365 0.014234835281968117
