0 0.7859541177749634 0.42728298902511597 0.01219976507127285 0.02007196843624115
1 0.815980076789856 0.41882655024528503 0.012905968353152275 0.01979852095246315
2 0.8053547739982605 0.5111252665519714 0.010394444689154625 0.01580229215323925
3 0.8523786067962646 0.41165369749069214 0.015497964806854725 0.021959133446216583
4 0.8732280135154724 0.5167991518974304 0.013036636635661125 0.020038504153490067
5 0.8017597794532776 0.36722221970558167 0.0135432044044137 0.019896047189831734
6 0.7661074995994568 0.34375983476638794 0.01216888427734375 0.01802085153758526
7 0.7373369932174683 0.2761736810207367 0.0108420355245471 0.017983976751565933
9 0.8549535870552063 0.5119494199752808 0.010135529562830925 0.0172432791441679
10 0.7651273012161255 0.25284910202026367 0.01284892950206995 0.02214217744767666
